35 1
1 2 18 1
19 1
31 41 42 1
19 1
1 17 1
17 1
2 1
19 1
31 1
19 1
31 1
31 1
31 1
1 1
19 1
19 1
18 1
1 1
19 1
2 10 17 18 30 31 33 41 1
33 1
1 1
1 1
1 1
37 1
23 1
1 1
1 10 31 33 1
20 1
1 18 33 34 1
33 1
1 15 16 17 18 20 41 1
17 41 1
6 33 1
10 1
30 31 33 1
30 33 1
19 1
17 1
16 1
1 2 17 1
10 34 1
6 1
23 1
1 1
41 1
19 1
1 1
19 1
16 1
1 1
10 1
41 1
1 1
1 4 17 1
1 8 1
12 15 17 1
19 1
1 1
12 17 18 41 1
32 33 1
1 10 16 1
1 15 18 32 1
1 17 30 31 41 1
6 14 41 1
41 1
19 1
1 1
1 1
6 32 1
6 11 15 16 18 21 23 30 33 41 1
41 1
6 1
1 1
18 1
6 1
10 41 1
1 19 1
1 1
30 1
1 12 1
2 10 1
6 12 13 14 18 30 31 41 1
1 2 10 41 1
1 1
1 15 41 1
19 1
20 1
20 1
1 1
41 1
23 1
41 1
17 1
10 1
19 1
2 11 19 31 1
1 1
1 2 14 15 17 18 41 2
1 13 2
6 10 17 29 41 2
1 18 30 31 37 2
19 2
19 2
20 31 2
1 10 2
21 2
18 2
1 2
5 15 18 41 2
10 41 2
1 13 15 35 2
16 2
6 11 41 2
1 14 2
1 2
17 2
6 2
1 2
19 2
19 2
30 41 2
2 2
19 2
12 14 17 2
10 15 27 41 2
41 2
1 19 2
1 19 33 2
1 2
1 9 13 16 18 31 2
1 6 19 33 2
6 19 33 2
15 19 2
4 2
2 4 18 32 41 2
6 33 41 2
3 10 13 17 18 30 33 34 36 37 38 2
6 2
18 2
1 19 2
16 17 18 20 2
8 12 2
8 10 13 17 28 35 41 2
6 15 30 33 2
19 2
19 2
19 2
19 2
14 17 2
19 2
17 2
1 11 31 40 2
2 10 18 30 31 41 2
11 2
30 2
1 2
12 2
19 2
41 2
6 33 2
1 2
1 2 2
6 31 33 2
6 30 2
1 6 10 30 33 2
1 2
19 2
19 2
41 2
35 41 2
6 33 2
41 2
1 2
12 14 41 2
33 41 2
1 31 2
19 2
1 15 17 41 2
1 41 2
1 41 2
10 12 33 2
1 13 15 41 2
1 41 2
1 17 18 28 41 2
1 19 2
33 2
19 2
1 2
1 15 17 31 34 2
19 2
1 19 2
1 6 12 33 2
1 6 12 2
17 41 2
6 10 15 18 29 33 2
1 2
19 2
19 3
1 19 3
1 2 7 8 9 10 11 14 15 16 17 18 28 29 31 32 35 41 3
1 13 17 19 34 38 3
1 19 3
1 19 37 3
1 23 3
1 17 19 3
1 19 3
1 17 19 33 35 3
1 17 19 33 3
1 6 18 3
11 12 14 20 21 3
1 6 14 19 30 32 33 40 41 3
1 9 14 18 19 20 21 30 31 32 35 41 3
1 6 19 24 31 34 3
1 3
5 34 3
34 41 3
19 3
26 29 3
1 3
17 3
1 3
1 4 8 10 12 3
19 3
19 3
5 3
19 3
2 35 3
1 5 8 10 12 18 29 30 31 32 3
34 3
1 3
17 3
17 3
12 14 15 17 30 41 3
1 4 3
17 3
1 3
5 10 11 14 15 33 3
31 3
1 3
1 3
1 29 3
1 2 10 17 18 31 41 3
1 2 5 6 14 15 18 19 3
1 18 19 34 35 41 3
1 10 11 12 19 21 26 30 33 3
1 6 19 31 33 36 3
1 5 11 15 19 21 24 25 28 29 30 33 3
1 2 4 11 18 19 20 33 41 3
1 12 17 18 19 20 31 33 3
1 2 15 19 20 28 32 33 41 3
1 12 14 18 19 32 33 41 3
1 17 19 20 23 3
1 2 4 10 12 13 14 17 18 19 20 32 33 41 3
1 6 12 14 17 18 19 23 31 32 33 37 41 3
1 10 12 14 17 18 19 20 21 23 29 3
1 6 11 19 20 29 33 41 3
1 6 10 19 20 33 34 3
1 6 15 17 19 20 21 32 33 41 3
1 6 19 20 3
1 2 13 19 28 35 36 41 3
1 19 3
1 18 19 23 30 41 3
1 19 3
19 3
1 19 3
1 19 23 35 38 3
1 5 13 15 17 19 33 3
1 12 17 19 33 3
18 19 31 3
1 17 19 20 30 3
1 19 20 31 33 3
1 6 10 17 19 33 3
1 17 19 3
1 19 20 32 3
1 6 17 19 24 25 31 41 3
1 6 10 12 19 31 33 3
1 12 14 15 17 18 19 32 33 35 3
1 10 14 17 19 20 33 34 3
1 2 16 17 19 23 41 3
1 19 41 3
1 15 17 18 19 31 33 3
1 2 12 18 19 20 23 30 31 34 3
1 6 10 11 18 19 20 32 38 41 3
1 6 11 19 33 3
1 19 33 3
1 5 6 10 14 17 20 23 28 41 3
1 17 19 33 3
1 6 12 19 30 31 41 3
1 2 4 6 10 11 12 13 14 18 19 20 31 33 38 3
4 12 20 21 3
1 41 3
1 2 19 20 3
1 6 19 33 3
1 19 29 33 35 3
1 6 12 19 33 35 41 3
1 2 6 12 13 14 15 19 32 33 34 35 3
1 6 19 33 3
14 19 20 30 31 33 41 4
1 6 10 19 32 33 4
1 17 19 4
1 5 6 10 12 15 16 17 18 30 31 32 33 34 35 38 41 4
1 2 10 12 14 16 17 33 4
19 31 4
1 6 11 14 18 20 33 4
11 24 25 38 41 4
18 20 23 4
1 19 23 37 41 4
1 2 5 6 9 10 11 16 17 18 21 23 28 32 33 35 37 41 4
1 2 6 16 18 19 41 4
1 3 12 15 17 19 4
1 19 31 33 41 4
1 2 6 10 15 16 18 19 30 31 33 4
1 2 19 20 33 4
1 6 17 19 33 4
1 6 17 19 28 4
1 2 4 7 9 10 11 12 13 15 17 19 27 30 33 41 4
1 6 16 18 23 26 29 30 33 41 4
1 11 19 20 30 33 34 4
1 10 19 4
1 6 14 19 20 33 4
1 6 10 19 20 4
1 7 10 16 19 20 33 36 41 4
1 6 12 14 17 19 23 30 33 36 37 4
1 5 17 19 21 28 33 35 4
1 2 6 9 10 15 16 17 18 19 21 33 41 4
1 4 12 17 19 20 23 31 4
1 8 9 13 16 17 18 19 20 28 33 4
1 2 5 10 14 17 18 19 20 30 35 41 4
1 17 18 19 20 4
1 2 6 17 19 20 33 41 4
1 2 5 6 10 12 14 17 19 20 21 23 29 30 33 34 4
1 2 12 15 17 19 29 33 35 41 4
1 2 5 15 16 19 20 33 4
1 19 20 33 41 4
1 6 13 18 19 34 37 48 4
1 2 6 7 15 16 19 20 31 41 4
1 18 19 20 28 32 41 4
1 7 11 12 13 14 16 17 18 19 33 41 4
1 14 17 18 19 31 4
1 19 23 26 27 41 4
1 3 10 15 17 19 20 30 33 4
1 19 20 31 33 4
1 2 11 12 15 17 18 19 23 31 33 36 41 4
1 19 33 4
1 17 19 4
1 11 15 19 41 4
1 15 17 19 20 31 4
1 19 21 23 33 41 4
1 19 4
1 18 19 40 41 4
1 17 31 4
6 12 14 15 16 17 18 19 31 4
1 14 17 41 4
1 12 17 18 19 23 41 4
1 2 12 14 15 18 19 35 4
1 19 35 4
1 14 17 19 35 4
6 12 15 17 29 30 31 35 41 4
1 2 6 14 17 18 31 4
1 2 5 10 12 14 17 18 31 34 41 4
1 14 17 30 31 32 41 4
1 8 12 18 30 31 34 35 4
13 17 18 19 26 31 33 41 4
1 5 6 23 33 41 4
1 3 4 14 18 19 33 4
1 2 8 12 18 19 35 41 4
1 12 17 19 31 33 35 4
1 6 12 17 18 19 30 35 41 4
1 13 33 41 4
1 9 12 14 17 18 19 35 41 4
1 2 10 11 17 18 19 29 33 34 36 41 4
1 2 5 10 12 15 16 17 19 23 29 30 31 35 37 41 4
1 12 14 15 17 18 19 31 33 4
1 10 12 17 29 31 33 41 4
1 2 5 12 15 18 23 31 33 41 4
1 2 4 5 8 9 10 11 15 17 18 26 30 31 34 41 4
1 10 11 12 13 14 17 18 30 35 4
1 5 17 18 19 29 30 33 41 4
1 2 4 5 10 12 13 15 17 18 21 23 30 31 34 35 37 41 4
1 2 5 11 13 14 17 18 23 29 30 32 33 34 41 4
1 2 4 6 7 8 9 10 11 12 14 15 16 17 18 19 28 29 31 32 33 35 41 4
1 6 7 8 10 12 15 16 17 18 19 30 31 33 35 41 4
1 2 4 5 10 15 18 19 26 28 29 30 32 33 41 4
1 6 11 14 15 16 17 18 29 30 35 41 4
1 2 5 10 12 17 18 31 33 41 4
1 2 3 5 10 12 14 17 18 19 29 31 32 33 38 41 4
1 5 6 11 12 13 14 16 17 18 32 33 34 4
1 2 6 10 12 13 14 15 16 17 18 23 29 30 31 32 33 34 35 41 4
1 6 16 17 18 19 20 4
1 6 10 17 19 30 4
1 2 5 13 15 19 31 33 41 4
2 6 7 15 17 18 19 20 26 27 30 31 35 40 41 4
1 17 19 21 24 27 28 29 32 41 4
6 10 11 15 16 18 19 20 30 33 41 4
1 2 4 10 19 20 21 4
1 19 20 21 4
1 6 18 19 21 29 32 33 41 4
1 2 10 19 41 5
1 5 18 19 20 21 23 41 5
1 4 10 11 16 19 20 29 30 41 5
1 19 20 23 33 5
1 2 5 12 14 15 18 19 20 33 41 5
1 19 34 41 5
1 4 10 11 16 18 19 23 5
1 2 3 13 14 17 18 19 20 33 41 5
1 18 19 20 29 31 33 5
1 2 10 16 19 33 5
1 2 4 10 12 19 30 31 35 5
1 14 18 19 20 21 33 5
1 4 9 10 12 15 19 26 28 29 31 33 41 5
1 10 19 41 5
1 14 19 21 5
1 12 16 18 21 32 5
1 5 6 14 15 17 18 19 31 33 41 5
1 4 5 8 10 14 15 17 18 29 31 32 33 37 41 5
1 6 12 13 14 15 17 18 29 31 32 33 35 41 5
1 6 10 11 15 18 23 29 30 31 33 34 36 37 41 5
1 2 4 5 12 14 16 17 18 19 20 31 35 41 5
1 3 5 6 7 10 17 18 19 20 29 31 32 33 41 5
1 2 5 6 11 12 14 17 18 29 30 33 37 38 41 5
1 6 10 14 16 17 20 32 33 41 5
1 2 4 6 8 10 12 13 16 17 18 23 31 33 35 36 41 5
1 2 6 7 9 10 11 15 16 17 18 23 28 29 33 34 36 41 5
1 2 6 10 11 12 13 14 15 16 17 18 23 29 30 31 32 33 34 35 36 37 41 5
1 2 5 6 8 10 11 12 13 14 15 16 18 21 28 29 30 32 33 35 37 41 5
1 2 10 12 14 15 16 17 18 21 23 27 28 29 30 32 41 5
1 2 10 14 15 16 17 18 30 31 32 33 40 41 5
1 11 18 19 20 21 23 31 5
1 2 10 11 19 20 21 23 24 25 31 33 36 41 5
1 6 10 14 17 30 33 35 37 5
1 18 19 5
1 15 19 5
10 17 18 35 41 5
1 19 5
1 10 17 19 41 5
1 5 6 10 12 18 33 41 5
1 31 33 5
19 31 5
1 6 7 10 12 15 18 20 31 33 5
1 19 30 31 41 5
1 7 10 11 17 19 30 31 5
5 6 10 16 19 30 33 36 41 5
1 12 15 18 19 27 30 31 33 34 41 5
1 2 5 8 10 11 12 15 16 17 18 19 26 30 31 37 41 5
1 4 10 12 15 16 17 18 19 23 26 28 29 33 41 5
1 2 5 6 15 17 19 23 33 34 5
1 6 14 18 19 23 5
1 19 28 30 41 5
1 19 20 23 30 33 5
1 18 19 20 41 5
1 2 6 10 17 19 23 29 33 35 5
1 19 32 41 5
1 4 6 12 14 15 17 19 30 31 33 37 5
1 6 14 15 17 18 20 32 33 34 5
1 2 5 8 10 11 12 15 16 17 18 19 31 34 37 38 41 5
1 2 6 10 12 13 14 17 19 20 31 41 5
1 14 19 23 29 32 37 41 5
1 2 11 19 20 5
1 6 10 17 19 20 30 41 5
1 6 12 14 19 28 30 32 33 41 5
1 6 10 12 13 18 19 23 35 41 5
1 2 5 17 19 5
1 2 5 12 13 14 16 17 18 19 20 23 29 31 5
1 10 12 18 19 20 29 33 34 5
1 10 17 19 20 26 31 32 5
1 6 18 19 20 33 5
1 17 18 19 26 33 5
1 12 15 16 17 18 19 20 23 41 5
1 19 20 33 41 5
6 19 20 23 24 5
1 4 18 19 20 21 23 28 5
1 15 16 18 19 20 33 41 5
1 2 4 6 8 9 10 15 16 17 18 19 20 23 26 28 29 31 33 41 5
1 18 19 20 21 23 26 29 33 5
1 2 11 18 19 23 28 32 36 41 5
1 5 19 31 41 5
1 2 6 10 19 21 31 33 5
1 5 12 14 15 19 20 32 33 41 5
1 6 12 19 20 32 33 34 5
1 3 19 23 5
1 10 11 15 19 23 35 41 5
1 10 19 21 26 28 33 41 5
1 2 19 20 31 5
13 18 19 20 33 34 37 41 5
1 2 6 13 16 18 19 20 41 5
1 2 6 12 17 18 19 21 31 33 41 5
1 2 19 20 33 38 5
1 12 14 15 16 17 18 19 30 41 5
1 5 6 8 10 11 12 17 18 30 31 32 33 34 35 37 41 5
1 3 4 10 11 15 17 18 19 30 32 33 5
1 19 23 33 36 37 41 5
1 6 10 14 19 5
1 4 10 12 17 19 34 5
1 6 10 13 15 18 31 32 33 34 35 41 5
1 2 3 10 11 12 14 15 16 17 18 30 34 5
1 6 10 12 18 19 21 28 33 5
1 10 17 30 31 33 35 41 5
1 5 8 10 11 15 16 18 23 29 30 31 41 6
1 19 35 6
1 19 20 33 6
1 6 19 20 41 6
1 6 19 20 6
1 6 12 18 19 6
19 20 23 31 6
1 10 12 13 15 16 17 18 19 29 33 41 6
5 19 36 38 6
1 8 11 15 19 20 23 31 6
1 5 19 37 6
6 12 17 19 32 33 41 6
1 2 5 6 10 12 13 14 17 18 29 30 31 33 34 35 37 41 6
1 4 6 10 11 13 17 18 19 30 32 33 35 41 6
1 4 6 10 12 14 15 17 18 23 33 6
1 2 5 12 13 16 17 19 28 31 33 35 6
1 2 6 10 12 14 15 16 17 19 29 30 31 33 38 41 6
1 2 6 12 14 16 17 18 19 29 31 32 33 34 41 6
1 2 4 6 11 13 15 17 18 19 21 26 35 38 41 6
1 10 13 14 17 30 31 32 33 35 37 41 6
1 2 5 6 9 10 11 13 18 23 31 32 33 34 35 38 41 6
1 2 4 5 6 10 11 12 15 17 18 19 32 37 41 6
1 4 7 11 14 16 17 18 19 30 31 32 33 34 41 6
1 6 12 15 17 18 30 33 35 6
1 2 6 7 10 12 13 16 17 18 29 30 31 32 33 41 6
1 4 5 6 10 12 17 31 35 41 6
1 4 5 6 10 12 13 14 15 16 18 29 30 31 32 33 35 41 6
1 2 4 6 10 12 13 14 16 17 18 28 29 30 31 32 33 35 37 38 41 6
1 6 10 13 14 16 17 18 23 29 30 31 32 33 34 35 41 6
1 2 6 10 12 13 15 16 17 18 29 31 33 36 38 41 6
1 4 5 6 12 13 14 15 16 17 18 23 26 29 30 31 33 41 6
1 2 6 10 11 12 14 15 16 18 31 32 33 35 41 6
1 6 10 12 13 15 17 18 23 32 33 34 41 6
1 4 6 14 16 17 18 19 21 24 25 29 30 31 32 41 6
1 5 6 8 10 11 12 13 14 15 17 18 27 29 30 31 32 33 34 35 37 38 41 6
1 2 5 6 11 12 13 16 17 18 30 33 34 41 6
1 2 6 12 13 14 17 18 30 33 35 37 38 41 6
1 2 6 10 12 13 14 15 17 18 31 33 35 37 38 41 6
1 2 4 5 6 9 10 11 15 17 18 20 26 27 28 31 32 33 41 6
1 5 6 18 30 33 34 35 6
1 6 10 12 14 15 17 18 30 31 32 33 41 6
1 2 3 6 10 12 14 16 17 18 20 23 41 6
1 2 5 10 15 16 18 23 28 33 41 6
1 2 5 6 11 12 13 15 18 23 30 33 35 36 6
1 2 4 6 10 11 16 17 29 30 32 33 41 6
1 4 6 10 13 21 28 30 31 32 33 34 35 41 6
1 2 5 6 10 12 13 14 15 16 18 30 31 32 33 34 35 41 6
1 6 12 13 14 15 16 17 18 21 23 27 31 33 34 41 6
1 2 6 11 12 14 17 18 28 30 33 35 37 41 6
1 2 4 5 6 10 12 15 16 17 18 19 23 28 30 31 32 33 41 6
1 6 10 11 14 15 16 18 21 26 29 32 33 38 41 6
1 5 6 10 12 13 15 17 18 23 29 30 32 33 34 37 41 6
1 2 4 6 10 12 13 14 15 17 18 23 30 32 33 35 37 41 6
1 4 6 10 12 13 15 16 17 18 19 23 31 33 41 6
1 2 4 9 10 13 15 17 19 23 28 30 33 41 6
1 2 4 5 6 8 10 12 13 14 15 17 18 19 20 21 23 24 31 33 37 41 6
1 2 4 5 7 10 12 13 17 18 30 41 6
1 2 4 5 6 8 12 15 16 17 18 23 31 32 33 41 6
1 2 6 12 14 16 17 18 23 29 30 33 6
1 2 5 6 10 12 17 18 30 32 33 6
1 2 4 5 6 10 11 15 16 17 18 26 29 31 33 34 41 6
1 2 6 10 11 14 15 17 18 19 32 33 35 41 6
1 2 5 6 9 10 12 15 17 18 30 31 32 33 41 6
1 2 4 8 10 12 14 15 17 18 19 21 24 25 29 31 33 41 6
1 2 4 5 6 7 10 12 14 15 16 17 18 29 30 31 33 35 38 41 6
1 2 4 6 11 15 16 17 18 32 33 34 41 6
1 2 10 11 12 14 16 17 18 29 30 31 33 41 6
1 2 6 10 11 12 13 14 15 16 17 18 27 30 31 32 33 34 35 36 37 38 41 6
1 3 5 6 10 11 12 15 16 17 18 33 38 41 6
1 2 6 10 11 18 21 23 24 30 31 32 33 35 38 41 6
1 4 10 14 15 16 17 33 41 6
1 2 4 5 12 14 15 17 18 29 31 32 33 35 41 6
1 2 6 15 18 19 31 32 33 34 6
1 4 6 10 15 19 23 31 33 34 41 6
1 10 11 14 18 19 23 28 31 32 41 6
1 2 9 10 11 12 14 15 16 17 18 21 28 29 31 32 33 41 6
1 6 10 19 29 30 33 41 6
1 6 10 18 19 29 30 33 41 6
1 10 15 17 33 35 41 6
1 4 8 10 11 15 16 17 18 19 20 26 31 33 41 6
1 2 5 6 10 12 13 14 15 16 17 18 19 20 23 29 31 32 33 34 41 6
1 2 5 6 10 13 15 16 17 18 23 28 29 33 34 35 38 41 6
1 2 5 12 15 17 18 30 32 33 37 6
1 2 3 7 10 12 13 14 16 17 18 19 20 28 29 33 41 6
1 4 11 16 17 18 20 31 33 35 38 41 6
1 10 11 12 14 15 16 17 18 28 29 35 41 6
1 2 4 6 7 12 13 14 31 33 34 37 41 6
1 2 4 6 10 12 13 14 17 31 32 33 34 41 6
1 6 8 10 12 14 15 16 18 28 29 31 33 41 6
1 2 4 6 7 8 10 11 12 15 16 17 18 23 26 28 31 32 33 35 41 6
1 2 6 12 14 15 16 17 19 32 33 41 6
1 5 6 9 10 13 14 17 18 29 32 33 41 6
1 2 3 4 5 6 9 10 17 18 26 29 30 31 32 33 35 38 41 6
1 3 5 6 8 9 10 11 12 15 16 17 18 28 31 32 33 41 6
1 2 4 6 8 10 11 12 15 17 18 26 33 41 6
1 2 6 8 14 15 16 17 18 26 30 31 32 33 40 41 6
1 2 4 5 6 10 13 17 18 23 29 31 32 33 34 35 41 6
1 6 15 17 18 20 21 30 31 32 33 34 35 41 6
1 2 4 5 6 10 12 13 15 17 18 21 32 33 34 41 6
1 4 10 17 18 19 20 28 32 33 35 41 6
1 2 4 8 10 14 16 18 23 30 31 32 33 35 7
1 2 4 6 10 11 14 15 18 19 23 29 33 41 7
1 2 4 5 6 10 11 12 13 15 16 17 18 31 32 33 35 41 7
1 4 5 6 10 12 13 14 15 16 18 30 31 32 33 41 7
1 2 6 10 12 14 17 18 19 32 33 34 38 7
1 19 20 41 7
1 19 33 7
19 23 41 7
1 6 19 20 21 33 7
1 14 17 19 20 33 41 7
1 2 5 6 12 13 14 18 19 26 31 32 33 34 35 7
1 2 4 6 17 18 19 33 35 38 7
1 10 19 31 33 41 7
1 18 19 28 33 41 7
1 10 17 19 20 33 41 7
1 19 32 33 41 7
1 10 17 19 20 34 7
1 4 6 10 14 15 16 17 18 19 20 23 31 33 41 7
1 4 10 11 12 19 20 29 32 33 41 7
10 33 41 7
1 11 41 7
1 2 4 5 10 11 12 16 17 26 28 29 31 32 33 41 7
1 2 6 10 12 15 16 18 21 23 24 28 29 32 33 34 38 41 7
1 6 7 8 10 12 14 16 17 18 29 33 35 7
1 4 12 14 18 19 28 30 31 33 35 41 7
1 5 11 13 16 17 18 19 20 29 33 40 41 7
1 2 6 12 14 17 18 31 33 35 41 7
1 11 12 13 15 17 18 19 30 31 35 7
1 2 6 10 12 13 14 16 17 18 19 20 25 30 31 7
1 2 6 10 11 17 18 31 33 34 41 7
1 2 5 6 10 12 15 16 17 18 23 31 33 34 35 41 7
1 5 12 17 18 21 31 33 37 41 7
1 4 5 6 12 13 14 15 16 17 18 19 28 29 30 31 33 35 41 7
1 2 4 5 6 10 14 17 18 19 28 29 30 31 33 35 36 37 41 7
1 5 6 10 14 17 18 21 24 29 30 31 33 35 41 7
1 2 6 9 10 12 14 17 18 21 23 31 33 41 7
1 2 3 5 6 10 12 14 15 17 18 29 33 35 36 38 41 7
1 2 5 6 10 15 16 17 18 20 23 26 29 33 35 41 7
1 5 6 9 10 11 12 14 15 16 17 18 26 29 30 31 32 33 34 35 36 38 41 7
1 6 10 12 17 18 27 33 35 36 38 41 7
1 4 5 6 11 12 14 17 18 20 21 23 27 33 34 35 37 41 7
1 6 12 14 16 17 18 19 32 33 34 35 37 41 7
1 2 3 4 6 10 11 13 17 18 26 28 31 32 33 34 41 7
1 2 5 6 10 18 19 20 27 29 32 33 34 36 37 41 7
1 5 6 9 10 11 12 16 17 19 26 27 28 31 33 34 36 37 41 7
1 4 5 6 7 9 10 11 12 13 14 15 16 18 26 29 30 31 32 33 36 37 41 7
1 2 5 8 10 12 13 14 15 16 17 18 29 30 31 32 33 35 38 41 7
1 4 6 10 11 12 14 16 17 18 31 32 33 38 41 7
1 2 3 4 6 10 11 12 14 15 18 30 31 32 33 34 36 41 7
1 2 4 5 6 8 10 12 13 15 17 18 23 29 31 32 33 36 37 41 7
1 4 5 6 9 10 12 13 14 15 16 17 18 23 29 32 33 34 35 41 7
1 2 4 9 12 13 14 16 18 19 29 32 35 38 41 7
1 2 4 10 12 14 15 17 18 20 31 32 33 36 37 41 7
1 2 4 5 6 10 12 15 16 17 18 19 20 29 30 32 33 38 41 7
1 6 10 15 17 18 19 20 32 41 7
1 2 4 9 10 11 12 14 15 17 18 19 21 26 28 30 31 33 34 41 7
1 2 4 5 8 10 17 18 27 30 36 38 41 7
1 6 10 17 29 33 41 7
1 2 4 5 12 13 14 15 17 18 19 31 32 33 40 41 7
1 5 12 19 31 33 35 7
1 6 12 16 19 34 35 7
1 6 10 18 19 21 30 31 32 34 35 36 7
1 10 12 19 36 7
1 2 5 12 17 19 33 7
1 2 6 10 16 18 19 33 35 7
1 16 17 19 30 31 37 7
1 5 12 17 18 31 33 35 7
1 2 12 13 14 15 17 19 41 7
1 4 8 10 12 17 18 19 31 33 34 7
1 6 7 10 12 14 19 29 33 41 7
1 4 5 10 12 14 15 18 19 31 33 38 7
1 2 6 10 12 17 18 23 29 30 31 33 35 37 41 7
1 12 13 17 31 7
1 4 6 8 10 11 12 14 15 16 17 18 32 34 35 7
1 4 6 7 10 12 14 17 18 19 31 33 36 37 41 7
1 2 4 13 14 17 23 31 33 34 7
1 6 12 14 15 17 19 23 31 32 38 41 7
1 10 12 19 29 31 33 35 41 7
1 2 6 8 10 11 13 14 16 17 18 19 30 31 32 33 34 41 7
1 2 5 7 12 13 14 16 17 18 23 29 30 31 34 41 7
1 2 10 12 14 15 16 17 18 21 29 30 32 33 35 37 38 41 7
1 2 4 6 10 11 12 15 17 18 21 31 32 33 34 7
1 3 4 5 6 7 10 12 14 15 16 17 18 19 23 31 35 41 7
1 2 10 11 14 16 17 19 21 30 31 32 41 7
1 2 6 10 11 16 19 31 33 34 41 7
1 2 6 8 10 11 12 15 17 18 29 30 31 32 35 38 41 7
1 2 4 5 6 10 12 15 17 18 31 33 41 7
1 4 10 14 15 18 29 31 32 33 41 7
1 6 11 12 13 14 15 17 19 21 31 32 35 38 41 7
1 5 6 10 12 17 18 19 23 30 31 33 35 41 7
1 2 4 7 10 11 12 15 16 17 18 19 27 31 33 35 41 7
1 8 12 15 18 19 20 30 33 41 7
1 10 17 19 23 31 33 41 7
1 3 7 10 12 14 15 17 18 19 23 28 33 38 41 7
1 12 14 15 18 19 31 32 33 35 41 48 7
1 5 6 11 12 14 15 17 18 19 30 31 32 33 34 35 41 7
1 3 5 6 12 16 17 18 26 28 31 32 33 34 37 7
1 2 6 8 12 15 17 18 19 40 41 7
1 2 5 6 10 12 14 15 17 18 19 20 21 23 31 33 7
1 2 10 12 14 15 16 17 18 19 21 26 32 33 41 7
1 4 5 6 11 17 18 21 26 33 35 41 8
1 2 3 4 6 8 10 11 17 18 31 32 33 35 41 8
1 4 11 12 13 14 15 17 18 31 33 41 8
1 2 6 10 14 15 18 23 32 33 34 35 8
1 2 5 6 10 11 12 13 15 16 17 18 19 26 29 31 33 34 36 37 38 41 8
1 4 10 12 14 17 18 23 29 30 31 32 33 36 38 41 8
1 4 6 18 31 32 33 8
1 2 5 6 10 12 13 14 15 16 17 18 30 31 37 41 8
1 2 3 4 6 7 8 9 10 11 13 14 15 16 17 18 28 29 31 32 33 35 37 41 8
1 2 6 7 8 10 12 13 15 17 18 19 20 24 31 32 41 8
1 2 6 9 10 12 14 15 16 18 19 23 29 30 31 33 36 41 8
1 2 5 6 10 15 16 28 30 31 32 33 41 8
1 2 4 6 8 10 12 14 15 16 17 18 23 31 32 33 34 8
1 2 3 4 5 10 12 14 16 17 18 19 30 35 8
1 2 3 5 6 10 11 12 13 15 16 17 18 29 30 31 33 35 41 8
1 10 11 17 19 26 29 30 33 35 40 41 8
1 5 6 10 12 14 15 16 17 18 26 27 31 32 33 34 41 8
1 2 6 8 10 11 12 15 17 18 26 30 31 33 34 41 8
1 2 4 6 10 15 17 18 23 26 28 29 30 32 33 41 8
1 9 10 12 13 15 16 17 18 20 29 31 32 33 34 35 41 8
1 5 6 10 12 13 15 17 18 21 31 33 35 37 8
1 2 5 8 10 11 12 13 14 17 18 28 29 31 32 33 35 41 8
1 6 10 11 13 15 16 17 18 29 31 32 33 35 37 41 8
1 2 4 6 15 24 28 30 32 33 41 8
1 2 4 6 10 11 12 13 14 15 16 17 18 20 23 29 33 41 8
1 10 13 15 16 18 24 29 33 34 41 8
1 6 9 10 11 12 15 17 18 29 31 32 33 35 38 41 8
1 2 4 5 6 9 10 12 14 15 17 18 23 26 29 32 33 35 41 8
1 2 4 6 11 12 14 18 23 32 33 41 8
23 24 8
7 16 31 33 41 8
1 2 4 10 18 33 41 8
1 6 10 12 17 31 34 41 8
1 17 19 23 26 30 31 32 33 35 38 8
1 4 6 15 16 17 18 29 30 31 32 33 8
1 5 6 7 10 12 14 15 17 27 29 30 33 34 35 36 37 41 8
1 2 4 5 6 10 11 12 16 17 18 19 20 21 26 29 30 31 33 34 37 38 41 8
1 6 10 11 12 14 18 19 32 33 34 41 8
1 2 3 7 8 10 12 13 14 15 17 18 19 23 29 30 31 33 35 36 41 8
1 2 6 10 12 14 15 17 18 19 23 31 33 34 41 8
1 2 5 6 11 12 14 16 17 18 21 26 28 29 31 33 41 8
1 2 6 10 11 12 14 15 16 17 18 19 28 30 31 32 33 34 35 37 41 8
1 2 4 6 10 12 13 14 15 16 17 18 23 28 31 32 33 34 35 37 38 41 8
1 2 6 8 10 12 14 15 18 20 23 26 29 30 31 32 33 37 38 41 8
1 4 6 8 11 12 14 15 17 18 31 32 33 34 41 8
1 2 4 5 6 10 11 12 14 15 17 18 31 32 33 35 41 8
1 4 6 7 9 10 11 12 13 14 17 18 27 29 30 31 32 33 34 38 41 8
1 2 4 6 12 14 15 17 18 26 29 30 32 33 34 41 8
